999 99 11414 14604 1
0.0775
0.0694
1.31944e+01
-4.81074
1.14252
1.19
5.32033
-1.6652
2.74744e+01
-5.70741
2.87562
4.33074
-1.54676
2.28226e+01
-5.14133
2.85014
2.737334
0.931572
-2.536398
5.462745
2.764488
0.641524
-1.817591
4.84437
1.78338
-7.70371e-01
1.18179e+01
-2.58965
2.74793
1.37173
-7.38686e-01
7.83961
-2.23407
2.75385
2.86494
-9.67882e-01
2.25758e+01
-4.16453
2.85361
1.80281
-3.54097e-01
1.49917e+01
-3.23642
2.34382
1.99615
-7.68685e-01
1.30214e+01
-2.4874
2.94676
4.15681e-01
-3.17906e-01
4.79365
-1.41598
2.89609
999 -99 11414 14604 1
0.0538
0.0422
7.36375e-01
-1.32465
9.28126e-01
1.04
4.04572
-1.48917
2.10751e+01
-4.84970
2.85088
4.54192
-1.60271
2.23109e+01
-5.17366
2.86385
4.5076
-1.52033
2.41877e+01
-4.87622
3.06420
1.75844
-5.86559e-01
1.57521e+01
-3.40417
2.69419

 
