999 99 11414 14604 1
0.0696
0.05670
4.42614e+01
-6.00129
1.10083
1.12
5.33458e+00
-1.66190e+00
2.99852e+01
-5.77411
2.88093
5.18368e+00
-1.70391e+00
2.85444e+01
-5.87144e+00
2.87778e+00
2.73555
0.98033
-2.70312
5.54525
2.76288
0.518399
-1.41672
4.4935
4.37640e-01
-4.05139e-01
3.29962e+00
-1.24472e+00
2.72990e+00
1.12281e+00
-6.56741e-01
1.07634e+01
-2.30837e+00
2.74483e+00
2.90384e+00
-1.03450e+00
2.31340e+01
-4.18804e+00
2.91474e+00
4.30437e+00
-1.49481e+00
2.11000e+01
-4.76721e+00
3.04517e+00
2.94765
0.953565
-2.59858
5.6684
2.96613
0.506765
-1.28075
4.52384
3.23091e+00
-1.23809e+00
6.76490e-01
-5.23391e-01
2.94284e+00
3.87507e+00
-1.24749e+00
3.28340e-01
-1.55704e-01
2.82678e+00
999 99 20448 23454 1
0.0705
0.0592
4.40454e+01
-6.07222e+00
1.09650
1.13
5.61530e+00
-1.70518e+00
3.04847e+01
-5.95255e+00
2.89203e+00
5.23369e+00
-1.71297e+00
2.88978e+01
-5.90986e+00
2.87968e+00
2.73959
0.889443
-2.25823
5.08787
2.76738
0.555509
-1.57311
4.6423
5.97344e-01
-4.92674e-01
2.86602e+00
-1.26574e+00
2.73953e+00
1.15121e+00
-6.61725e-01
1.42995e+01
-2.45153e+00
2.74475e+00
2.98962e+00
-1.04968e+00
2.33013e+01
-4.23304e+00
2.91828e+00
4.42837e+00
-1.51481e+00
2.17204e+01
-4.86167e+00
3.04769e+00
2.95134
0.833247
-2.03329
5.10292
2.96841
0.507611
-1.25689
4.4974
5.78729e+00
-2.27153e+00
2.04090e+00
-7.77072e-01
2.95973e+00
4.50646e+00
-1.34792e+00
3.61131e-01
-1.89847e-01
2.84036e+00
999 -99 11414 14604 1
0.0596
0.0451
3.09989e+01
-6.33438e+00
1.08046e+00
1.12
5.27797e+00
-1.69311e+00
3.26156e+01
-5.94737e+00
2.87923e+00
5.89923e+00
-1.84289e+00
3.06370e+01
-6.30437e+00
2.90936e+00
5.25854e+00
-1.61992e+00
4.33626e+01
-5.90792e+00
3.07498e+00
4.08515e+00
-1.45656e+00
2.07434e+01
-4.67119e+00
3.03938e+00
999 -99 20448 23454 1
0.0578
0.0439
1.50241e+01
-5.63825e+00
1.02263e+00
1.09
4.97795e+00
-1.63110e+00
3.04707e+01
-5.76232e+00
2.86694e+00
5.69462e+00
-1.81679e+00
2.39533e+01
-5.86957e+00
2.90689e+00
3.99589e+00
-1.38631e+00
2.70382e+01
-4.84789e+00
3.02623e+00
4.29341e+00
-1.49106e+00
2.16612e+01
-4.83078e+00
3.04364e+00 
